gender  age  urea  cr  hba1c  chol   tg  hdl  ldl  vldl   bmi class
0      f   50   4.7  46    4.9   4.2  0.9  2.4  1.4   0.5  24.0     n
1      m   26   4.5  62    4.9   3.7  1.4  1.1  2.1   0.6  23.0     n
2      f   50   4.7  46    4.9   4.2  0.9  2.4  1.4   0.5  24.0     n
3      f   50   4.7  46    4.9   4.2  0.9  2.4  1.4   0.5  24.0     n
4      m   33   7.1  46    4.9   4.9  1.0  0.8  2.0   0.4  21.0     n
<class 'pandas.core.frame.DataFrame'>

RangeIndex: 1000 entries, 0 to 999
Data columns (total 12 columns):
 #   Column  Non-Null Count  Dtype  
---  ------  --------------  -----  
 0   gender  1000 non-null   object 
 1   age     1000 non-null   int64  
 2   urea    1000 non-null   float64
 3   cr      1000 non-null   int64  
 4   hba1c   1000 non-null   float64
 5   chol    1000 non-null   float64
 6   tg      1000 non-null   float64
 7   hdl     1000 non-null   float64
 8   ldl     1000 non-null   float64
 9   vldl    1000 non-null   float64
 10  bmi     1000 non-null   float64
 11  class   1000 non-null   object 
dtypes: float64(8), int64(2), object(2)
memory usage: 93.9+ KB

None
       gender          age         urea           cr        hba1c  ...          hdl          ldl         vldl          bmi  class
count    1000  1000.000000  1000.000000  1000.000000  1000.000000  ...  1000.000000  1000.000000  1000.000000  1000.000000   1000
unique      2          NaN          NaN          NaN          NaN  ...          NaN          NaN          NaN          NaN      3
top         m          NaN          NaN          NaN          NaN  ...          NaN          NaN          NaN          NaN      y
freq      565          NaN          NaN          NaN          NaN  ...          NaN          NaN          NaN          NaN    844
mean      NaN    53.528000     5.124743    68.943000     8.281160  ...     1.204750     2.609790     1.854700    29.578020    NaN
std       NaN     8.799241     2.935165    59.984747     2.534003  ...     0.660414     1.115102     3.663599     4.962388    NaN
min       NaN    20.000000     0.500000     6.000000     0.900000  ...     0.200000     0.300000     0.100000    19.000000    NaN
25%       NaN    51.000000     3.700000    48.000000     6.500000  ...     0.900000     1.800000     0.700000    26.000000    NaN
50%       NaN    55.000000     4.600000    60.000000     8.000000  ...     1.100000     2.500000     0.900000    30.000000    NaN
75%       NaN    59.000000     5.700000    73.000000    10.200000  ...     1.300000     3.300000     1.500000    33.000000    NaN
max       NaN    79.000000    38.900000   800.000000    16.000000  ...     9.900000     9.900000    35.000000    47.750000    NaN
[11 rows x 12 columns]

Dataset Shape: (1000, 12)

Data Types:
gender     object
age         int64
urea      float64
cr          int64
hba1c     float64
chol      float64
tg        float64
hdl       float64
ldl       float64
vldl      float64
bmi       float64
class      object
dtype: object

Correlation Matrix:
            age      urea        cr     hba1c      chol        tg       hdl       ldl      vldl       bmi
age    1.000000  0.105092  0.054941  0.379136  0.036649  0.148204 -0.020038  0.016105 -0.087903  0.375956
urea   0.105092  1.000000  0.624134 -0.023603  0.001852  0.040980 -0.036994 -0.007301 -0.011191  0.045618
cr     0.054941  0.624134  1.000000 -0.037412 -0.007097  0.056579 -0.023804  0.039479  0.009615  0.054746
hba1c  0.379136 -0.023603 -0.037412  1.000000  0.177489  0.218556  0.028933  0.011057  0.073462  0.413350
chol   0.036649  0.001852 -0.007097  0.177489  1.000000  0.321789  0.103814  0.416665  0.076294  0.013678
tg     0.148204  0.040980  0.056579  0.218556  0.321789  1.000000 -0.083001  0.015378  0.144570  0.110757
hdl   -0.020038 -0.036994 -0.023804  0.028933  0.103814 -0.083001  1.000000 -0.142079 -0.059275  0.072409
ldl    0.016105 -0.007301  0.039479  0.011057  0.416665  0.015378 -0.142079  1.000000  0.062795 -0.067322
vldl  -0.087903 -0.011191  0.009615  0.073462  0.076294  0.144570 -0.059275  0.062795  1.000000  0.198133
bmi    0.375956  0.045618  0.054746  0.413350  0.013678  0.110757  0.072409 -0.067322  0.198133  1.000000

Duplicate rows: 174

age: Skewness = -0.820
urea: Skewness = 4.299
cr: Skewness = 8.474
hba1c: Skewness = 0.222
chol: Skewness = 0.617
tg: Skewness = 2.298
hdl: Skewness = 6.283
ldl: Skewness = 1.146
vldl: Skewness = 5.350
bmi: Skewness = 0.126

gender: 
         -- Unique values:['f' 'm'] 
         -- No. of Unique Values: 2 
         -- Count of Each Unique Values: {'m': 565, 'f': 435}
class: 
         -- Unique values:['n' 'p' 'y'] 
         -- No. of Unique Values: 3 
         -- Count of Each Unique Values: {'y': 844, 'n': 103, 'p': 53}
         
gender: 
         -- No. of Missing Values: 0 
         -- Percentage of Missing Values: 0.0%
age: 
         -- No. of Missing Values: 0 
         -- Percentage of Missing Values: 0.0%
urea: 
         -- No. of Missing Values: 0 
         -- Percentage of Missing Values: 0.0%
cr: 
         -- No. of Missing Values: 0 
         -- Percentage of Missing Values: 0.0%
hba1c: 
         -- No. of Missing Values: 0 
         -- Percentage of Missing Values: 0.0%
chol: 
         -- No. of Missing Values: 0 
         -- Percentage of Missing Values: 0.0%
tg: 
         -- No. of Missing Values: 0 
         -- Percentage of Missing Values: 0.0%
hdl: 
         -- No. of Missing Values: 0 
         -- Percentage of Missing Values: 0.0%
ldl: 
         -- No. of Missing Values: 0 
         -- Percentage of Missing Values: 0.0%
vldl: 
         -- No. of Missing Values: 0 
         -- Percentage of Missing Values: 0.0%
bmi: 
         -- No. of Missing Values: 0 
         -- Percentage of Missing Values: 0.0%
class: 
         -- No. of Missing Values: 0 
         -- Percentage of Missing Values: 0.0%